{
	"E-00000000000000000000000000000001-seg-0": [0, -10.000000000000004, 0, 2.0000000000000004, 10, 0],
	"E-00000000000000000000000000000001-seg-1": [0, 7, 0, 7, 10, 0],
	"E-00000000000000000000000000000001-seg-2": [2.0000000000000004, -10.000000000000002, 0, 10.155806378079477, 7, 0],
	"E-0000000000000000000000000000000a-Copy-4096(E-00000000000000000000000000000001-seg-0)": [0, 19.999999999999996, 0, 2.0000000000000004, 40, 0],
	"E-0000000000000000000000000000000a-Copy-4096(E-00000000000000000000000000000001-seg-1)": [0, 37, 0, 7, 40, 0],
	"E-0000000000000000000000000000000a-Copy-4096(E-00000000000000000000000000000001-seg-2)": [2.0000000000000004, 20, 0, 10.155806378079477, 37, 0],
	"E-0000000000000000000000000000000a-Copy-1(E-00000000000000000000000000000001-seg-0)": [25, -10.000000000000004, 0, 27, 10, 0],
	"E-0000000000000000000000000000000a-Copy-1(E-00000000000000000000000000000001-seg-1)": [25, 7, 0, 32, 10, 0],
	"E-0000000000000000000000000000000a-Copy-1(E-00000000000000000000000000000001-seg-2)": [27, -10.000000000000002, 0, 35.155806378079475, 7, 0],
	"E-0000000000000000000000000000000a-Copy-4097(E-00000000000000000000000000000001-seg-0)": [25, 19.999999999999996, 0, 27, 40, 0],
	"E-0000000000000000000000000000000a-Copy-4097(E-00000000000000000000000000000001-seg-1)": [25, 37, 0, 32, 40, 0],
	"E-0000000000000000000000000000000a-Copy-4097(E-00000000000000000000000000000001-seg-2)": [27, 20, 0, 35.155806378079475, 37, 0],
	"E-0000000000000000000000000000000a-Copy-2(E-00000000000000000000000000000001-seg-0)": [50, -10.000000000000004, 0, 52, 10, 0],
	"E-0000000000000000000000000000000a-Copy-2(E-00000000000000000000000000000001-seg-1)": [50, 7, 0, 57, 10, 0],
	"E-0000000000000000000000000000000a-Copy-2(E-00000000000000000000000000000001-seg-2)": [52, -10.000000000000002, 0, 60.155806378079475, 7, 0],
	"E-0000000000000000000000000000000a-Copy-4098(E-00000000000000000000000000000001-seg-0)": [50, 19.999999999999996, 0, 52, 40, 0],
	"E-0000000000000000000000000000000a-Copy-4098(E-00000000000000000000000000000001-seg-1)": [50, 37, 0, 57, 40, 0],
	"E-0000000000000000000000000000000a-Copy-4098(E-00000000000000000000000000000001-seg-2)": [52, 20, 0, 60.155806378079475, 37, 0]
}