{
	"F-00000000000000000000000000000001-Lateral-0": [-10.0000001, -10.0000001, -1E-07, 10.0000001, 10.0000001, 10.0000001],
	"F-00000000000000000000000000000001-Top-0": [-10.0000001, -10.0000001, 9.9999999, 10.0000001, 10.0000001, 10.0000001],
	"F-00000000000000000000000000000001-Bottom-0": [-10.0000001, -10.0000001, -1E-07, 10.0000001, 10.0000001, 1E-07],
	"E-00000000000000000000000000000001-Top-0": [-10.0000001, -10.0000001, 9.9999999, 10.0000001, 10.0000001, 10.0000001],
	"E-00000000000000000000000000000001-Seam-0": [9.9999999, -1.000000024492936E-07, -1E-07, 10.0000001, 9.99999975507064E-08, 10.0000001],
	"E-00000000000000000000000000000001-Bottom-0": [-10.0000001, -10.0000001, -1E-07, 10.0000001, 10.0000001, 1E-07]
}