{
	"F-00000000000000000000000000000001-Lateral-0": [-5.0000000999999985, -1E-07, -1E-07, 10.0000001, 10.0000001, 10.0000001],
	"F-00000000000000000000000000000001-Top-0": [-5.0000000999999985, -1E-07, 9.9999999, 10.0000001, 10.0000001, 10.0000001],
	"F-00000000000000000000000000000001-Bottom-0": [-5.0000000999999985, -1E-07, -1E-07, 10.0000001, 10.0000001, 1E-07],
	"F-00000000000000000000000000000001-Side-0": [-1E-07, -1E-07, -1E-07, 10.0000001, 1E-07, 10.0000001],
	"F-00000000000000000000000000000001-Side-1": [-5.0000000999999985, -1E-07, -1E-07, 1E-07, 8.660254137844387, 10.0000001],
	"E-00000000000000000000000000000001-Top-0": [-5.0000000999999985, -1E-07, 9.9999999, 10.0000001, 10.0000001, 10.0000001],
	"E-00000000000000000000000000000001-Side-1": [-5.0000000999999985, 8.660253937844388, -1E-07, -4.999999899999998, 8.660254137844387, 10.0000001],
	"E-00000000000000000000000000000001-Bottom-0": [-5.0000000999999985, -1E-07, -1E-07, 10.0000001, 10.0000001, 1E-07],
	"E-00000000000000000000000000000001-Side-0": [9.9999999, -1E-07, -1E-07, 10.0000001, 1E-07, 10.0000001],
	"E-00000000000000000000000000000001-SideTop-0": [-1E-07, -1E-07, 9.9999999, 10.0000001, 1E-07, 10.0000001],
	"E-00000000000000000000000000000001-SideTop-1": [-5.0000000999999985, -1E-07, 9.9999999, 1E-07, 8.660254137844387, 10.0000001],
	"E-00000000000000000000000000000001-SideBottom-1": [-5.0000000999999985, -1E-07, -1E-07, 1E-07, 8.660254137844387, 1E-07],
	"E-00000000000000000000000000000001-SideBottom-0": [-1E-07, -1E-07, -1E-07, 10.0000001, 1E-07, 1E-07],
	"E-00000000000000000000000000000001-Axis-0": [-1E-07, -1E-07, -1E-07, 1E-07, 1E-07, 10.0000001]
}