{
	"F-00000000000000000000000000000002-XMin-0": [0, 11.180339887498949, -2.7554552992026195E-15, 0, 20, 10],
	"F-00000000000000000000000000000002-ZMax-0": [0, 0, 10, 20, 20, 10],
	"F-00000000000000000000000000000002-YMax-0": [0, 20, 0, 10, 20, 10],
	"F-00000000000000000000000000000002-ZMin-0": [0, 0, 0, 20.0000000000003, 20, 0],
	"F-00000000000000000000000000000006-Lateral-0": [0, 0, 0, 15, 15, 10.00000000000035],
	"F-00000000000000000000000000000004-Lateral-0": [10, 10, 0, 20.0000000000003, 20, 10],
	"F-00000000000000000000000000000002-XMax-0": [20, 0, 0, 20, 10, 10],
	"F-00000000000000000000000000000002-YMin-0": [11.180339887498514, -3.673940398936826E-15, 0, 20, 0, 10.00000000000035],
	"E-00000000000000000000000000000002-XMinZMax-0": [0, 11.180339887498949, 10, 0, 20, 10],
	"E-00000000000000000000000000000002-XMinYMax-0": [0, 20, 0, 0, 20, 10],
	"E-00000000000000000000000000000002-XMinZMin-0": [0, 15, 0, 0, 20, 0],
	"E-0000000000000000000000000000000a-Boolean-1(F-00000000000000000000000000000002-XMin-0|F-00000000000000000000000000000006-Lateral-0)": [0, 11.180339887498949, -2.7554552980815444E-15, 0, 15, 10],
	"E-00000000000000000000000000000002-YMaxZMax-0": [0, 20, 10, 10, 20, 10],
	"E-0000000000000000000000000000000a-Boolean-1(F-00000000000000000000000000000002-ZMax-0|F-00000000000000000000000000000004-Lateral-0)": [10, 10, 10, 19.999999999999996, 20, 10],
	"E-00000000000000000000000000000002-XMaxZMax-0": [20, 0, 10, 20, 10, 10],
	"E-00000000000000000000000000000002-YMinZMax-0": [11.180339887498514, 0, 10, 20, 0, 10],
	"E-0000000000000000000000000000000a-Boolean-1(F-00000000000000000000000000000002-ZMax-0|F-00000000000000000000000000000006-Lateral-0)": [6.845983728302534E-16, 0, 10, 11.180339887498949, 11.180339887498949, 10],
	"E-00000000000000000000000000000002-YMaxZMin-0": [0, 20, 0, 10, 20, 0],
	"E-0000000000000000000000000000000a-Boolean-1(F-00000000000000000000000000000002-YMax-0|F-00000000000000000000000000000004-Lateral-0)": [10, 20, 0, 10, 20, 10],
	"E-00000000000000000000000000000004-Bottom-0": [10, 10, 0, 20.0000000000003, 20, 0],
	"E-00000000000000000000000000000002-XMaxZMin-0": [20, 0, 0, 20, 10, 0],
	"E-00000000000000000000000000000002-YMinZMin-0": [15, 0, 0, 20, 0, 0],
	"E-0000000000000000000000000000000a-Boolean-1(F-00000000000000000000000000000002-ZMin-0|F-00000000000000000000000000000006-Lateral-0)": [9.18485099360515E-16, 0, 0, 15, 15, 0],
	"E-00000000000000000000000000000006-Seam-0": [11.180339887498635, -3.67394039744206E-15, 3.3306690738754696E-13, 15, -2.7383934913209362E-15, 10.00000000000035],
	"E-0000000000000000000000000000000a-Boolean-1(F-00000000000000000000000000000002-XMax-0|F-00000000000000000000000000000004-Lateral-0)": [20, 10, 0, 20, 10, 10],
	"E-00000000000000000000000000000002-XMaxYMin-0": [20, 0, 0, 20, 0, 10]
}