{
	"E-00000000000000000000000000000001-seg-1": [0, 7, 0, 7, 10, 0],
	"E-00000000000000000000000000000001-seg-2": [2.0000000000000004, -10.000000000000002, 0, 10.155806378079477, 7, 0],
	"E-0000000000000000000000000000000a-Mirror-1(E-00000000000000000000000000000001-seg-1)": [-6.267326732673268, 5.673267326732674, 0, 0, 10, 0],
	"E-0000000000000000000000000000000a-Mirror-1(E-00000000000000000000000000000001-seg-2)": [-8.12115291273294, -10.002341031544821, 0, 2, 5.673267326732672, 0]
}