{
	"F-2487e508fb6a4de0afb268ef799b2fdc-XMin-0": [-1E-07, -1E-07, -1E-07, 1E-07, 10.0000001, 20.0000001],
	"F-2487e508fb6a4de0afb268ef799b2fdc-YMin-0": [-1E-07, -1E-07, -1E-07, 10.0000001, 1E-07, 20.0000001],
	"F-2487e508fb6a4de0afb268ef799b2fdc-YMax-0": [-1E-07, 9.9999999, -1E-07, 10.0000001, 10.0000001, 20.0000001],
	"F-2487e508fb6a4de0afb268ef799b2fdc-ZMin-0": [-1E-07, -1E-07, -1E-07, 10.0000001, 10.0000001, 1E-07],
	"F-2487e508fb6a4de0afb268ef799b2fdc-XMax-0": [9.9999999, -1E-07, -1E-07, 10.0000001, 10.0000001, 20.0000001],
	"F-d59ad9034a064b0883324413def018af-Copy-0(F-2487e508fb6a4de0afb268ef799b2fdc-ZMin-0)": [-1E-07, -1E-07, 19.9999999, 10.0000001, 10.0000001, 20.0000001],
	"E-2487e508fb6a4de0afb268ef799b2fdc-XMinYMin-0": [-1E-07, -1E-07, -1E-07, 1E-07, 1E-07, 20.0000001],
	"E-2487e508fb6a4de0afb268ef799b2fdc-XMinZMin-0": [-1E-07, -1E-07, -1E-07, 1E-07, 10.0000001, 1E-07],
	"E-2487e508fb6a4de0afb268ef799b2fdc-XMinYMax-0": [-1E-07, 9.9999999, -1E-07, 1E-07, 10.0000001, 20.0000001],
	"E-d59ad9034a064b0883324413def018af-Copy-0(E-2487e508fb6a4de0afb268ef799b2fdc-XMinZMin-0)": [-1E-07, -1E-07, 19.9999999, 1E-07, 10.0000001, 20.0000001],
	"E-2487e508fb6a4de0afb268ef799b2fdc-YMinZMin-0": [-1E-07, -1E-07, -1E-07, 10.0000001, 1E-07, 1E-07],
	"E-d59ad9034a064b0883324413def018af-Copy-0(E-2487e508fb6a4de0afb268ef799b2fdc-YMinZMin-0)": [-1E-07, -1E-07, 19.9999999, 10.0000001, 1E-07, 20.0000001],
	"E-2487e508fb6a4de0afb268ef799b2fdc-XMaxYMin-0": [9.9999999, -1E-07, -1E-07, 10.0000001, 1E-07, 20.0000001],
	"E-2487e508fb6a4de0afb268ef799b2fdc-YMaxZMin-0": [-1E-07, 9.9999999, -1E-07, 10.0000001, 10.0000001, 1E-07],
	"E-d59ad9034a064b0883324413def018af-Copy-0(E-2487e508fb6a4de0afb268ef799b2fdc-YMaxZMin-0)": [-1E-07, 9.9999999, 19.9999999, 10.0000001, 10.0000001, 20.0000001],
	"E-2487e508fb6a4de0afb268ef799b2fdc-XMaxYMax-0": [9.9999999, 9.9999999, -1E-07, 10.0000001, 10.0000001, 20.0000001],
	"E-2487e508fb6a4de0afb268ef799b2fdc-XMaxZMin-0": [9.9999999, -1E-07, -1E-07, 10.0000001, 10.0000001, 1E-07],
	"E-d59ad9034a064b0883324413def018af-Copy-0(E-2487e508fb6a4de0afb268ef799b2fdc-XMaxZMin-0)": [9.9999999, -1E-07, 19.9999999, 10.0000001, 10.0000001, 20.0000001]
}