{
	"F-00000000000000000000000000000001-XMin-0": [-1E-07, -1E-07, -1E-07, 1E-07, 10.0000001, 10.0000001],
	"F-00000000000000000000000000000001-XMax-0": [9.9999999, -1E-07, -1E-07, 10.0000001, 10.0000001, 10.0000001],
	"F-00000000000000000000000000000001-YMin-0": [-1E-07, -1E-07, -1E-07, 10.0000001, 1E-07, 10.0000001],
	"F-00000000000000000000000000000001-YMax-0": [-1E-07, 9.9999999, -1E-07, 10.0000001, 10.0000001, 10.0000001],
	"F-00000000000000000000000000000001-ZMin-0": [-1E-07, -1E-07, -1E-07, 10.0000001, 10.0000001, 1E-07],
	"F-00000000000000000000000000000001-ZMax-0": [-1E-07, -1E-07, 9.9999999, 10.0000001, 10.0000001, 10.0000001],
	"E-00000000000000000000000000000001-XMinYMin-0": [-1E-07, -1E-07, -1E-07, 1E-07, 1E-07, 10.0000001],
	"E-00000000000000000000000000000001-XMinZMax-0": [-1E-07, -1E-07, 9.9999999, 1E-07, 10.0000001, 10.0000001],
	"E-00000000000000000000000000000001-XMinYMax-0": [-1E-07, 9.9999999, -1E-07, 1E-07, 10.0000001, 10.0000001],
	"E-00000000000000000000000000000001-XMinZMin-0": [-1E-07, -1E-07, -1E-07, 1E-07, 10.0000001, 1E-07],
	"E-00000000000000000000000000000001-XMaxYMin-0": [9.9999999, -1E-07, -1E-07, 10.0000001, 1E-07, 10.0000001],
	"E-00000000000000000000000000000001-XMaxZMax-0": [9.9999999, -1E-07, 9.9999999, 10.0000001, 10.0000001, 10.0000001],
	"E-00000000000000000000000000000001-XMaxYMax-0": [9.9999999, 9.9999999, -1E-07, 10.0000001, 10.0000001, 10.0000001],
	"E-00000000000000000000000000000001-XMaxZMin-0": [9.9999999, -1E-07, -1E-07, 10.0000001, 10.0000001, 1E-07],
	"E-00000000000000000000000000000001-YMinZMin-0": [-1E-07, -1E-07, -1E-07, 10.0000001, 1E-07, 1E-07],
	"E-00000000000000000000000000000001-YMinZMax-0": [-1E-07, -1E-07, 9.9999999, 10.0000001, 1E-07, 10.0000001],
	"E-00000000000000000000000000000001-YMaxZMin-0": [-1E-07, 9.9999999, -1E-07, 10.0000001, 10.0000001, 1E-07],
	"E-00000000000000000000000000000001-YMaxZMax-0": [-1E-07, 9.9999999, 9.9999999, 10.0000001, 10.0000001, 10.0000001]
}