{
	"E-00000000000000000000000000000001-seg-0": [0, -10.000000000000004, 0, 2.0000000000000004, 10, 0],
	"E-00000000000000000000000000000001-seg-1": [0, 7, 0, 7, 10, 0],
	"E-00000000000000000000000000000001-seg-2": [2.0000000000000004, -10.000000000000002, 0, 10.155806378079477, 7, 0],
	"E-0000000000000000000000000000000a-Copy1-1(E-00000000000000000000000000000001-seg-0)": [-102, -9.999999999999995, 0, -100, 10.000000000000009, 0],
	"E-0000000000000000000000000000000a-Copy1-1(E-00000000000000000000000000000001-seg-1)": [-107, -9.999999999999995, 0, -100, -6.999999999999994, 0],
	"E-0000000000000000000000000000000a-Copy1-1(E-00000000000000000000000000000001-seg-2)": [-110.15580637807948, -6.999999999999993, 0, -102, 10.000000000000007, 0]
}