{
	"E-00000000000000000000000000000001-seg-0": [0, -10.000000000000004, 0, 2.0000000000000004, 10, 0],
	"E-00000000000000000000000000000001-seg-1": [0, 7, 0, 7, 10, 0],
	"E-00000000000000000000000000000001-seg-2": [2.0000000000000004, -10.000000000000002, 0, 10.155806378079477, 7, 0],
	"E-0000000000000000000000000000000a-Copy-1(E-00000000000000000000000000000001-seg-0)": [-83.66025403784437, 38.30127018922194, 0, -67.33974596215559, 50.03332099679081, 0],
	"E-0000000000000000000000000000000a-Copy-1(E-00000000000000000000000000000001-seg-1)": [-84.56217782649105, 38.30127018922194, 0, -83.66025403784437, 45.86344801571301, 0],
	"E-0000000000000000000000000000000a-Copy-1(E-00000000000000000000000000000001-seg-2)": [-84.56217782649107, 45.86344801571302, 0, -67.3397459621556, 53.548582918247526, 0],
	"E-0000000000000000000000000000000a-Copy-2(E-00000000000000000000000000000001-seg-0)": [-84.66025403784442, -48.30127018922193, 0, -66.33974596215565, -40.0333209967908, 0],
	"E-0000000000000000000000000000000a-Copy-2(E-00000000000000000000000000000001-seg-1)": [-72.43782217350896, -52.863448015713, 0, -66.33974596215565, -48.30127018922193, 0],
	"E-0000000000000000000000000000000a-Copy-2(E-00000000000000000000000000000001-seg-2)": [-85.24731272902561, -53.29858291824751, 0, -72.43782217350896, -40.0333209967908, 0]
}