{
	"F-00000000000000000000000000000001-Lateral-0": [-10.0000001, -10.0000001, -10.0000001, 10.0000001, 10.0000001, 8.660254137844385],
	"F-00000000000000000000000000000001-Top-0": [-5.000000100000001, -5.000000100000001, 8.660253937844386, 5.000000100000001, 5.000000100000001, 8.660254137844385],
	"E-00000000000000000000000000000001-Top-0": [-5.000000100000001, -5.000000100000001, 8.660253937844386, 5.000000100000001, 5.000000100000001, 8.660254137844385],
	"E-00000000000000000000000000000001-Seam-0": [-1.000000018369702E-07, -1.000000024492936E-07, -10.0000001, 10.0000001, 1E-07, 8.660254137844383],
	"E-00000000000000000000000000000001-Bottom-0": [-1.0000000061648237E-07, -1.000000006157888E-07, -10.0000001, 1.0000000061648237E-07, 1.000000006157888E-07, -9.9999999]
}