{
	"F-00000000000000000000000000000001-Lateral-0": [-10.0000001, -10.0000001, -8.660254137844385, 10.0000001, 10.0000001, 8.660254137844385],
	"F-00000000000000000000000000000001-Top-0": [-5.000000100000001, -5.000000100000001, 8.660253937844386, 5.000000100000001, 5.000000100000001, 8.660254137844385],
	"F-00000000000000000000000000000001-Bottom-0": [-5.000000100000001, -5.000000100000001, -8.660254137844385, 5.000000100000001, 5.000000100000001, -8.660253937844386],
	"E-00000000000000000000000000000001-Top-0": [-5.000000100000001, -5.000000100000001, 8.660253937844386, 5.000000100000001, 5.000000100000001, 8.660254137844385],
	"E-00000000000000000000000000000001-Seam-0": [4.999999900000001, -1.000000024492936E-07, -8.660254137844385, 10.0000001, 9.99999987753532E-08, 8.660254137844383],
	"E-00000000000000000000000000000001-Bottom-0": [-5.000000100000001, -5.000000100000001, -8.660254137844385, 5.000000100000001, 5.000000100000001, -8.660253937844386]
}