{
	"F-00000000000000000000000000000001-Lateral-0": [-5.0000000999999985, -1.0000000159086285E-07, -10.0000001, 10.0000001, 10.0000001, 10.0000001],
	"F-00000000000000000000000000000001-Side-0": [-1.000000018369702E-07, -1E-07, -10.0000001, 10.0000001, 1E-07, 10.0000001],
	"F-00000000000000000000000000000001-Side-1": [-5.0000000999999985, -1.0000000159086285E-07, -10.0000001, 1.000000009184851E-07, 8.660254137844388, 10.0000001],
	"E-00000000000000000000000000000001-Top-0": [-1.0000000030662411E-07, -1.0000000000046241E-07, 9.9999999, 1.0000000061278581E-07, 1.0000000061270874E-07, 10.0000001],
	"E-00000000000000000000000000000001-Side-1": [-5.0000000999999985, -1.0000000159086285E-07, -10.0000001, 1.000000009184851E-07, 8.660254137844388, 10.0000001],
	"E-00000000000000000000000000000001-Bottom-0": [-1.0000000030662411E-07, -1.0000000000046241E-07, -10.0000001, 1.0000000061278581E-07, 1.0000000061270874E-07, -9.9999999],
	"E-00000000000000000000000000000001-Side-0": [-1.000000018369702E-07, -1E-07, -10.0000001, 10.0000001, 1E-07, 10.0000001],
	"E-00000000000000000000000000000001-Axis-0": [-1E-07, -1E-07, -10.0000001, 1E-07, 1E-07, 10.0000001]
}