{
	"F-00000000000000000000000000000001-Lateral-0": [-5.0000000999999985, -1E-07, -8.660254137844385, 10.0000001, 10.0000001, 10.0000001],
	"F-00000000000000000000000000000001-Bottom-0": [-2.500000099999999, -1E-07, -8.660254137844385, 5.000000100000001, 5.000000100000001, -8.660253937844386],
	"F-00000000000000000000000000000001-Side-0": [-1E-07, -1E-07, -8.660254137844385, 10.0000001, 1E-07, 10.0000001],
	"F-00000000000000000000000000000001-Side-1": [-5.0000000999999985, -1E-07, -8.660254137844385, 1E-07, 8.660254137844388, 10.0000001],
	"E-00000000000000000000000000000001-Top-0": [-1.0000000030662411E-07, -1.0000000000046241E-07, 9.9999999, 1.0000000061278581E-07, 1.0000000061270874E-07, 10.0000001],
	"E-00000000000000000000000000000001-Side-1": [-5.0000000999999985, -9.99999973485619E-08, -8.660254137844385, 9.99999984691915E-08, 8.660254137844388, 10.0000001],
	"E-00000000000000000000000000000001-Bottom-0": [-2.500000099999999, -1E-07, -8.660254137844385, 5.000000100000001, 5.000000100000001, -8.660253937844386],
	"E-00000000000000000000000000000001-Side-0": [-9.9999996938383E-08, -1E-07, -8.660254137844385, 10.0000001, 1E-07, 10.0000001],
	"E-00000000000000000000000000000001-SideBottom-1": [-2.500000099999999, -1E-07, -8.660254137844385, 1E-07, 4.330127118922195, -8.660253937844386],
	"E-00000000000000000000000000000001-SideBottom-0": [-1E-07, -1E-07, -8.660254137844385, 5.000000100000001, 1E-07, -8.660253937844386],
	"E-00000000000000000000000000000001-Axis-0": [-1E-07, -1E-07, -8.660254137844385, 1E-07, 1E-07, 10.0000001]
}