{
	"E-00000000000000000000000000000001-seg-0": [0, -50.000000000000014, 0, 10.000000000000002, 50, 0],
	"E-00000000000000000000000000000001-seg-1": [0, 35, 0, 34.99999999999999, 50, 0],
	"E-00000000000000000000000000000001-seg-2": [10.000000000000002, -50.00000000000001, 0, 50.77903189039738, 35, 0]
}