{
	"E-00000000000000000000000000000001-seg-0": [-1E-07, 29.9999999, -1E-07, 20.0000001, 30.0000001, 1E-07],
	"E-00000000000000000000000000000001-seg-1": [19.9999999, -1.0000000177635683E-07, -1E-07, 32.360679874997906, 30.00000010000001, 1E-07],
	"E-00000000000000000000000000000001-seg-2": [-1E-07, -20.0000001, -1E-07, 30.0000001, 1E-07, 1E-07],
	"E-00000000000000000000000000000001-seg-3": [-1E-07, -20.0000001, -1E-07, 1E-07, 30.0000001, 1E-07],
	"E-00000000000000000000000000000001-seg-4": [4.9999999, -1.0000000177635683E-07, -1E-07, 10.0000001, 10.0000001, 1E-07],
	"E-00000000000000000000000000000001-seg-5": [4.999999899999999, -10.000000100000001, -1E-07, 10.0000001, 1E-07, 1E-07],
	"E-00000000000000000000000000000001-seg-6": [4.9999999, -10.0000001, -1E-07, 5.0000001, 10.0000001, 1E-07]
}